--- A* Search statistics ---
Total node expansions: 60
Total solution cost: 20
Time elapsed executing: 0.061s
Solution path:

Step #0
1	2	3	5	10
7	17	9	0	4
6	13	8	14	15
12	11	18	19	20
16	21	22	23	24

Step #1
1	2	3	5	10
7	17	9	4	0
6	13	8	14	15
12	11	18	19	20
16	21	22	23	24

Step #2
1	2	3	5	0
7	17	9	4	10
6	13	8	14	15
12	11	18	19	20
16	21	22	23	24

Step #3
1	2	3	0	5
7	17	9	4	10
6	13	8	14	15
12	11	18	19	20
16	21	22	23	24

Step #4
1	2	3	4	5
7	17	9	0	10
6	13	8	14	15
12	11	18	19	20
16	21	22	23	24

Step #5
1	2	3	4	5
7	17	0	9	10
6	13	8	14	15
12	11	18	19	20
16	21	22	23	24

Step #6
1	2	3	4	5
7	17	8	9	10
6	13	0	14	15
12	11	18	19	20
16	21	22	23	24

Step #7
1	2	3	4	5
7	17	8	9	10
6	0	13	14	15
12	11	18	19	20
16	21	22	23	24

Step #8
1	2	3	4	5
7	0	8	9	10
6	17	13	14	15
12	11	18	19	20
16	21	22	23	24

Step #9
1	2	3	4	5
0	7	8	9	10
6	17	13	14	15
12	11	18	19	20
16	21	22	23	24

Step #10
1	2	3	4	5
6	7	8	9	10
0	17	13	14	15
12	11	18	19	20
16	21	22	23	24

Step #11
1	2	3	4	5
6	7	8	9	10
12	17	13	14	15
0	11	18	19	20
16	21	22	23	24

Step #12
1	2	3	4	5
6	7	8	9	10
12	17	13	14	15
11	0	18	19	20
16	21	22	23	24

Step #13
1	2	3	4	5
6	7	8	9	10
12	0	13	14	15
11	17	18	19	20
16	21	22	23	24

Step #14
1	2	3	4	5
6	7	8	9	10
0	12	13	14	15
11	17	18	19	20
16	21	22	23	24

Step #15
1	2	3	4	5
6	7	8	9	10
11	12	13	14	15
0	17	18	19	20
16	21	22	23	24

Step #16
1	2	3	4	5
6	7	8	9	10
11	12	13	14	15
16	17	18	19	20
0	21	22	23	24

Step #17
1	2	3	4	5
6	7	8	9	10
11	12	13	14	15
16	17	18	19	20
21	0	22	23	24

Step #18
1	2	3	4	5
6	7	8	9	10
11	12	13	14	15
16	17	18	19	20
21	22	0	23	24

Step #19
1	2	3	4	5
6	7	8	9	10
11	12	13	14	15
16	17	18	19	20
21	22	23	0	24

Step #20
1	2	3	4	5
6	7	8	9	10
11	12	13	14	15
16	17	18	19	20
21	22	23	24	0
