---A* Search statistics---
Total node expansions: 447
Total solution cost: 25
Solution path:

Step #0
6	3	4	5	10
2	1	7	9	8
11	12	13	14	15
16	17	19	24	23
21	22	18	0	20

Step #1
6	3	4	5	10
2	1	7	9	8
11	12	13	14	15
16	17	19	0	23
21	22	18	24	20

Step #2
6	3	4	5	10
2	1	7	9	8
11	12	13	0	15
16	17	19	14	23
21	22	18	24	20

Step #3
6	3	4	5	10
2	1	7	0	8
11	12	13	9	15
16	17	19	14	23
21	22	18	24	20

Step #4
6	3	4	5	10
2	1	7	8	0
11	12	13	9	15
16	17	19	14	23
21	22	18	24	20

Step #5
6	3	4	5	0
2	1	7	8	10
11	12	13	9	15
16	17	19	14	23
21	22	18	24	20

Step #6
6	3	4	0	5
2	1	7	8	10
11	12	13	9	15
16	17	19	14	23
21	22	18	24	20

Step #7
6	3	0	4	5
2	1	7	8	10
11	12	13	9	15
16	17	19	14	23
21	22	18	24	20

Step #8
6	0	3	4	5
2	1	7	8	10
11	12	13	9	15
16	17	19	14	23
21	22	18	24	20

Step #9
6	1	3	4	5
2	0	7	8	10
11	12	13	9	15
16	17	19	14	23
21	22	18	24	20

Step #10
6	1	3	4	5
0	2	7	8	10
11	12	13	9	15
16	17	19	14	23
21	22	18	24	20

Step #11
0	1	3	4	5
6	2	7	8	10
11	12	13	9	15
16	17	19	14	23
21	22	18	24	20

Step #12
1	0	3	4	5
6	2	7	8	10
11	12	13	9	15
16	17	19	14	23
21	22	18	24	20

Step #13
1	2	3	4	5
6	0	7	8	10
11	12	13	9	15
16	17	19	14	23
21	22	18	24	20

Step #14
1	2	3	4	5
6	7	0	8	10
11	12	13	9	15
16	17	19	14	23
21	22	18	24	20

Step #15
1	2	3	4	5
6	7	8	0	10
11	12	13	9	15
16	17	19	14	23
21	22	18	24	20

Step #16
1	2	3	4	5
6	7	8	9	10
11	12	13	0	15
16	17	19	14	23
21	22	18	24	20

Step #17
1	2	3	4	5
6	7	8	9	10
11	12	13	14	15
16	17	19	0	23
21	22	18	24	20

Step #18
1	2	3	4	5
6	7	8	9	10
11	12	13	14	15
16	17	19	23	0
21	22	18	24	20

Step #19
1	2	3	4	5
6	7	8	9	10
11	12	13	14	15
16	17	19	23	20
21	22	18	24	0

Step #20
1	2	3	4	5
6	7	8	9	10
11	12	13	14	15
16	17	19	23	20
21	22	18	0	24

Step #21
1	2	3	4	5
6	7	8	9	10
11	12	13	14	15
16	17	19	0	20
21	22	18	23	24

Step #22
1	2	3	4	5
6	7	8	9	10
11	12	13	14	15
16	17	0	19	20
21	22	18	23	24

Step #23
1	2	3	4	5
6	7	8	9	10
11	12	13	14	15
16	17	18	19	20
21	22	0	23	24

Step #24
1	2	3	4	5
6	7	8	9	10
11	12	13	14	15
16	17	18	19	20
21	22	23	0	24

Step #25
1	2	3	4	5
6	7	8	9	10
11	12	13	14	15
16	17	18	19	20
21	22	23	24	0
