--- A* Search statistics ---
Total node expansions: 483
Total solution cost: 25
Time elapsed executing: 1.991s
Solution path:

Step #0
7	3	4	5	10
6	1	0	8	9
11	2	13	14	15
16	12	17	20	24
21	22	18	23	19

Step #1
7	3	4	5	10
6	1	8	0	9
11	2	13	14	15
16	12	17	20	24
21	22	18	23	19

Step #2
7	3	4	5	10
6	1	8	9	0
11	2	13	14	15
16	12	17	20	24
21	22	18	23	19

Step #3
7	3	4	5	0
6	1	8	9	10
11	2	13	14	15
16	12	17	20	24
21	22	18	23	19

Step #4
7	3	4	0	5
6	1	8	9	10
11	2	13	14	15
16	12	17	20	24
21	22	18	23	19

Step #5
7	3	0	4	5
6	1	8	9	10
11	2	13	14	15
16	12	17	20	24
21	22	18	23	19

Step #6
7	0	3	4	5
6	1	8	9	10
11	2	13	14	15
16	12	17	20	24
21	22	18	23	19

Step #7
7	1	3	4	5
6	0	8	9	10
11	2	13	14	15
16	12	17	20	24
21	22	18	23	19

Step #8
7	1	3	4	5
6	2	8	9	10
11	0	13	14	15
16	12	17	20	24
21	22	18	23	19

Step #9
7	1	3	4	5
6	2	8	9	10
0	11	13	14	15
16	12	17	20	24
21	22	18	23	19

Step #10
7	1	3	4	5
0	2	8	9	10
6	11	13	14	15
16	12	17	20	24
21	22	18	23	19

Step #11
0	1	3	4	5
7	2	8	9	10
6	11	13	14	15
16	12	17	20	24
21	22	18	23	19

Step #12
1	0	3	4	5
7	2	8	9	10
6	11	13	14	15
16	12	17	20	24
21	22	18	23	19

Step #13
1	2	3	4	5
7	0	8	9	10
6	11	13	14	15
16	12	17	20	24
21	22	18	23	19

Step #14
1	2	3	4	5
0	7	8	9	10
6	11	13	14	15
16	12	17	20	24
21	22	18	23	19

Step #15
1	2	3	4	5
6	7	8	9	10
0	11	13	14	15
16	12	17	20	24
21	22	18	23	19

Step #16
1	2	3	4	5
6	7	8	9	10
11	0	13	14	15
16	12	17	20	24
21	22	18	23	19

Step #17
1	2	3	4	5
6	7	8	9	10
11	12	13	14	15
16	0	17	20	24
21	22	18	23	19

Step #18
1	2	3	4	5
6	7	8	9	10
11	12	13	14	15
16	17	0	20	24
21	22	18	23	19

Step #19
1	2	3	4	5
6	7	8	9	10
11	12	13	14	15
16	17	18	20	24
21	22	0	23	19

Step #20
1	2	3	4	5
6	7	8	9	10
11	12	13	14	15
16	17	18	20	24
21	22	23	0	19

Step #21
1	2	3	4	5
6	7	8	9	10
11	12	13	14	15
16	17	18	20	24
21	22	23	19	0

Step #22
1	2	3	4	5
6	7	8	9	10
11	12	13	14	15
16	17	18	20	0
21	22	23	19	24

Step #23
1	2	3	4	5
6	7	8	9	10
11	12	13	14	15
16	17	18	0	20
21	22	23	19	24

Step #24
1	2	3	4	5
6	7	8	9	10
11	12	13	14	15
16	17	18	19	20
21	22	23	0	24

Step #25
1	2	3	4	5
6	7	8	9	10
11	12	13	14	15
16	17	18	19	20
21	22	23	24	0
