--- A* Search statistics ---
Total node expansions: 128
Total solution cost: 20
Time elapsed executing: 0.183s
Solution path:

Step #0
1	2	3	4	5	6
8	0	9	10	11	12
7	14	15	16	17	18
13	20	21	22	24	35
19	26	27	28	23	29
25	31	32	33	34	30

Step #1
1	2	3	4	5	6
0	8	9	10	11	12
7	14	15	16	17	18
13	20	21	22	24	35
19	26	27	28	23	29
25	31	32	33	34	30

Step #2
1	2	3	4	5	6
7	8	9	10	11	12
0	14	15	16	17	18
13	20	21	22	24	35
19	26	27	28	23	29
25	31	32	33	34	30

Step #3
1	2	3	4	5	6
7	8	9	10	11	12
13	14	15	16	17	18
0	20	21	22	24	35
19	26	27	28	23	29
25	31	32	33	34	30

Step #4
1	2	3	4	5	6
7	8	9	10	11	12
13	14	15	16	17	18
19	20	21	22	24	35
0	26	27	28	23	29
25	31	32	33	34	30

Step #5
1	2	3	4	5	6
7	8	9	10	11	12
13	14	15	16	17	18
19	20	21	22	24	35
25	26	27	28	23	29
0	31	32	33	34	30

Step #6
1	2	3	4	5	6
7	8	9	10	11	12
13	14	15	16	17	18
19	20	21	22	24	35
25	26	27	28	23	29
31	0	32	33	34	30

Step #7
1	2	3	4	5	6
7	8	9	10	11	12
13	14	15	16	17	18
19	20	21	22	24	35
25	26	27	28	23	29
31	32	0	33	34	30

Step #8
1	2	3	4	5	6
7	8	9	10	11	12
13	14	15	16	17	18
19	20	21	22	24	35
25	26	27	28	23	29
31	32	33	0	34	30

Step #9
1	2	3	4	5	6
7	8	9	10	11	12
13	14	15	16	17	18
19	20	21	22	24	35
25	26	27	28	23	29
31	32	33	34	0	30

Step #10
1	2	3	4	5	6
7	8	9	10	11	12
13	14	15	16	17	18
19	20	21	22	24	35
25	26	27	28	23	29
31	32	33	34	30	0

Step #11
1	2	3	4	5	6
7	8	9	10	11	12
13	14	15	16	17	18
19	20	21	22	24	35
25	26	27	28	23	0
31	32	33	34	30	29

Step #12
1	2	3	4	5	6
7	8	9	10	11	12
13	14	15	16	17	18
19	20	21	22	24	0
25	26	27	28	23	35
31	32	33	34	30	29

Step #13
1	2	3	4	5	6
7	8	9	10	11	12
13	14	15	16	17	18
19	20	21	22	0	24
25	26	27	28	23	35
31	32	33	34	30	29

Step #14
1	2	3	4	5	6
7	8	9	10	11	12
13	14	15	16	17	18
19	20	21	22	23	24
25	26	27	28	0	35
31	32	33	34	30	29

Step #15
1	2	3	4	5	6
7	8	9	10	11	12
13	14	15	16	17	18
19	20	21	22	23	24
25	26	27	28	30	35
31	32	33	34	0	29

Step #16
1	2	3	4	5	6
7	8	9	10	11	12
13	14	15	16	17	18
19	20	21	22	23	24
25	26	27	28	30	35
31	32	33	34	29	0

Step #17
1	2	3	4	5	6
7	8	9	10	11	12
13	14	15	16	17	18
19	20	21	22	23	24
25	26	27	28	30	0
31	32	33	34	29	35

Step #18
1	2	3	4	5	6
7	8	9	10	11	12
13	14	15	16	17	18
19	20	21	22	23	24
25	26	27	28	0	30
31	32	33	34	29	35

Step #19
1	2	3	4	5	6
7	8	9	10	11	12
13	14	15	16	17	18
19	20	21	22	23	24
25	26	27	28	29	30
31	32	33	34	0	35

Step #20
1	2	3	4	5	6
7	8	9	10	11	12
13	14	15	16	17	18
19	20	21	22	23	24
25	26	27	28	29	30
31	32	33	34	35	0
