***astar statistics***
Total node expansions: 67
Total solution cost: 25
Solution path:

Step #0
6	3	9	7	5
11	1	4	10	15
12	2	8	14	20
16	17	13	19	24
21	22	18	0	23

Step #1
6	3	9	7	5
11	1	4	10	15
12	2	8	14	20
16	17	13	19	24
21	22	18	23	0

Step #2
6	3	9	7	5
11	1	4	10	15
12	2	8	14	20
16	17	13	19	0
21	22	18	23	24

Step #3
6	3	9	7	5
11	1	4	10	15
12	2	8	14	0
16	17	13	19	20
21	22	18	23	24

Step #4
6	3	9	7	5
11	1	4	10	0
12	2	8	14	15
16	17	13	19	20
21	22	18	23	24

Step #5
6	3	9	7	5
11	1	4	0	10
12	2	8	14	15
16	17	13	19	20
21	22	18	23	24

Step #6
6	3	9	0	5
11	1	4	7	10
12	2	8	14	15
16	17	13	19	20
21	22	18	23	24

Step #7
6	3	0	9	5
11	1	4	7	10
12	2	8	14	15
16	17	13	19	20
21	22	18	23	24

Step #8
6	3	4	9	5
11	1	0	7	10
12	2	8	14	15
16	17	13	19	20
21	22	18	23	24

Step #9
6	3	4	9	5
11	1	7	0	10
12	2	8	14	15
16	17	13	19	20
21	22	18	23	24

Step #10
6	3	4	0	5
11	1	7	9	10
12	2	8	14	15
16	17	13	19	20
21	22	18	23	24

Step #11
6	3	0	4	5
11	1	7	9	10
12	2	8	14	15
16	17	13	19	20
21	22	18	23	24

Step #12
6	0	3	4	5
11	1	7	9	10
12	2	8	14	15
16	17	13	19	20
21	22	18	23	24

Step #13
6	1	3	4	5
11	0	7	9	10
12	2	8	14	15
16	17	13	19	20
21	22	18	23	24

Step #14
6	1	3	4	5
11	2	7	9	10
12	0	8	14	15
16	17	13	19	20
21	22	18	23	24

Step #15
6	1	3	4	5
11	2	7	9	10
0	12	8	14	15
16	17	13	19	20
21	22	18	23	24

Step #16
6	1	3	4	5
0	2	7	9	10
11	12	8	14	15
16	17	13	19	20
21	22	18	23	24

Step #17
0	1	3	4	5
6	2	7	9	10
11	12	8	14	15
16	17	13	19	20
21	22	18	23	24

Step #18
1	0	3	4	5
6	2	7	9	10
11	12	8	14	15
16	17	13	19	20
21	22	18	23	24

Step #19
1	2	3	4	5
6	0	7	9	10
11	12	8	14	15
16	17	13	19	20
21	22	18	23	24

Step #20
1	2	3	4	5
6	7	0	9	10
11	12	8	14	15
16	17	13	19	20
21	22	18	23	24

Step #21
1	2	3	4	5
6	7	8	9	10
11	12	0	14	15
16	17	13	19	20
21	22	18	23	24

Step #22
1	2	3	4	5
6	7	8	9	10
11	12	13	14	15
16	17	0	19	20
21	22	18	23	24

Step #23
1	2	3	4	5
6	7	8	9	10
11	12	13	14	15
16	17	18	19	20
21	22	0	23	24

Step #24
1	2	3	4	5
6	7	8	9	10
11	12	13	14	15
16	17	18	19	20
21	22	23	0	24

Step #25
1	2	3	4	5
6	7	8	9	10
11	12	13	14	15
16	17	18	19	20
21	22	23	24	0
