***astar statistics***
Total node expansions: 128
Total solution cost: 23
Solution path:

Step #0
1	2	3	10	4
6	7	8	5	15
12	16	13	9	20
21	11	19	14	0
17	22	18	23	24

Step #1
1	2	3	10	4
6	7	8	5	15
12	16	13	9	0
21	11	19	14	20
17	22	18	23	24

Step #2
1	2	3	10	4
6	7	8	5	0
12	16	13	9	15
21	11	19	14	20
17	22	18	23	24

Step #3
1	2	3	10	4
6	7	8	0	5
12	16	13	9	15
21	11	19	14	20
17	22	18	23	24

Step #4
1	2	3	0	4
6	7	8	10	5
12	16	13	9	15
21	11	19	14	20
17	22	18	23	24

Step #5
1	2	3	4	0
6	7	8	10	5
12	16	13	9	15
21	11	19	14	20
17	22	18	23	24

Step #6
1	2	3	4	5
6	7	8	10	0
12	16	13	9	15
21	11	19	14	20
17	22	18	23	24

Step #7
1	2	3	4	5
6	7	8	0	10
12	16	13	9	15
21	11	19	14	20
17	22	18	23	24

Step #8
1	2	3	4	5
6	7	8	9	10
12	16	13	0	15
21	11	19	14	20
17	22	18	23	24

Step #9
1	2	3	4	5
6	7	8	9	10
12	16	13	14	15
21	11	19	0	20
17	22	18	23	24

Step #10
1	2	3	4	5
6	7	8	9	10
12	16	13	14	15
21	11	0	19	20
17	22	18	23	24

Step #11
1	2	3	4	5
6	7	8	9	10
12	16	13	14	15
21	11	18	19	20
17	22	0	23	24

Step #12
1	2	3	4	5
6	7	8	9	10
12	16	13	14	15
21	11	18	19	20
17	0	22	23	24

Step #13
1	2	3	4	5
6	7	8	9	10
12	16	13	14	15
21	11	18	19	20
0	17	22	23	24

Step #14
1	2	3	4	5
6	7	8	9	10
12	16	13	14	15
0	11	18	19	20
21	17	22	23	24

Step #15
1	2	3	4	5
6	7	8	9	10
12	16	13	14	15
11	0	18	19	20
21	17	22	23	24

Step #16
1	2	3	4	5
6	7	8	9	10
12	0	13	14	15
11	16	18	19	20
21	17	22	23	24

Step #17
1	2	3	4	5
6	7	8	9	10
0	12	13	14	15
11	16	18	19	20
21	17	22	23	24

Step #18
1	2	3	4	5
6	7	8	9	10
11	12	13	14	15
0	16	18	19	20
21	17	22	23	24

Step #19
1	2	3	4	5
6	7	8	9	10
11	12	13	14	15
16	0	18	19	20
21	17	22	23	24

Step #20
1	2	3	4	5
6	7	8	9	10
11	12	13	14	15
16	17	18	19	20
21	0	22	23	24

Step #21
1	2	3	4	5
6	7	8	9	10
11	12	13	14	15
16	17	18	19	20
21	22	0	23	24

Step #22
1	2	3	4	5
6	7	8	9	10
11	12	13	14	15
16	17	18	19	20
21	22	23	0	24

Step #23
1	2	3	4	5
6	7	8	9	10
11	12	13	14	15
16	17	18	19	20
21	22	23	24	0
