***astar statistics***
Total node expansions: 145
Total solution cost: 23
Solution path:

Step #0
1	2	3	4	5
12	13	6	9	10
7	0	8	14	15
11	21	18	20	24
17	16	22	23	19

Step #1
1	2	3	4	5
12	0	6	9	10
7	13	8	14	15
11	21	18	20	24
17	16	22	23	19

Step #2
1	2	3	4	5
12	6	0	9	10
7	13	8	14	15
11	21	18	20	24
17	16	22	23	19

Step #3
1	2	3	4	5
12	6	8	9	10
7	13	0	14	15
11	21	18	20	24
17	16	22	23	19

Step #4
1	2	3	4	5
12	6	8	9	10
7	0	13	14	15
11	21	18	20	24
17	16	22	23	19

Step #5
1	2	3	4	5
12	6	8	9	10
0	7	13	14	15
11	21	18	20	24
17	16	22	23	19

Step #6
1	2	3	4	5
0	6	8	9	10
12	7	13	14	15
11	21	18	20	24
17	16	22	23	19

Step #7
1	2	3	4	5
6	0	8	9	10
12	7	13	14	15
11	21	18	20	24
17	16	22	23	19

Step #8
1	2	3	4	5
6	7	8	9	10
12	0	13	14	15
11	21	18	20	24
17	16	22	23	19

Step #9
1	2	3	4	5
6	7	8	9	10
0	12	13	14	15
11	21	18	20	24
17	16	22	23	19

Step #10
1	2	3	4	5
6	7	8	9	10
11	12	13	14	15
0	21	18	20	24
17	16	22	23	19

Step #11
1	2	3	4	5
6	7	8	9	10
11	12	13	14	15
17	21	18	20	24
0	16	22	23	19

Step #12
1	2	3	4	5
6	7	8	9	10
11	12	13	14	15
17	21	18	20	24
16	0	22	23	19

Step #13
1	2	3	4	5
6	7	8	9	10
11	12	13	14	15
17	0	18	20	24
16	21	22	23	19

Step #14
1	2	3	4	5
6	7	8	9	10
11	12	13	14	15
0	17	18	20	24
16	21	22	23	19

Step #15
1	2	3	4	5
6	7	8	9	10
11	12	13	14	15
16	17	18	20	24
0	21	22	23	19

Step #16
1	2	3	4	5
6	7	8	9	10
11	12	13	14	15
16	17	18	20	24
21	0	22	23	19

Step #17
1	2	3	4	5
6	7	8	9	10
11	12	13	14	15
16	17	18	20	24
21	22	0	23	19

Step #18
1	2	3	4	5
6	7	8	9	10
11	12	13	14	15
16	17	18	20	24
21	22	23	0	19

Step #19
1	2	3	4	5
6	7	8	9	10
11	12	13	14	15
16	17	18	20	24
21	22	23	19	0

Step #20
1	2	3	4	5
6	7	8	9	10
11	12	13	14	15
16	17	18	20	0
21	22	23	19	24

Step #21
1	2	3	4	5
6	7	8	9	10
11	12	13	14	15
16	17	18	0	20
21	22	23	19	24

Step #22
1	2	3	4	5
6	7	8	9	10
11	12	13	14	15
16	17	18	19	20
21	22	23	0	24

Step #23
1	2	3	4	5
6	7	8	9	10
11	12	13	14	15
16	17	18	19	20
21	22	23	24	0
