--- A* Search statistics ---
Total node expansions: 27
Total solution cost: 20
Time elapsed executing: 0.017s
Solution path:

Step #0
7	12	2	4	5
1	11	3	9	10
16	6	8	13	14
21	0	18	19	15
22	17	23	24	20

Step #1
7	12	2	4	5
1	11	3	9	10
16	6	8	13	14
21	17	18	19	15
22	0	23	24	20

Step #2
7	12	2	4	5
1	11	3	9	10
16	6	8	13	14
21	17	18	19	15
0	22	23	24	20

Step #3
7	12	2	4	5
1	11	3	9	10
16	6	8	13	14
0	17	18	19	15
21	22	23	24	20

Step #4
7	12	2	4	5
1	11	3	9	10
0	6	8	13	14
16	17	18	19	15
21	22	23	24	20

Step #5
7	12	2	4	5
1	11	3	9	10
6	0	8	13	14
16	17	18	19	15
21	22	23	24	20

Step #6
7	12	2	4	5
1	0	3	9	10
6	11	8	13	14
16	17	18	19	15
21	22	23	24	20

Step #7
7	0	2	4	5
1	12	3	9	10
6	11	8	13	14
16	17	18	19	15
21	22	23	24	20

Step #8
0	7	2	4	5
1	12	3	9	10
6	11	8	13	14
16	17	18	19	15
21	22	23	24	20

Step #9
1	7	2	4	5
0	12	3	9	10
6	11	8	13	14
16	17	18	19	15
21	22	23	24	20

Step #10
1	7	2	4	5
6	12	3	9	10
0	11	8	13	14
16	17	18	19	15
21	22	23	24	20

Step #11
1	7	2	4	5
6	12	3	9	10
11	0	8	13	14
16	17	18	19	15
21	22	23	24	20

Step #12
1	7	2	4	5
6	0	3	9	10
11	12	8	13	14
16	17	18	19	15
21	22	23	24	20

Step #13
1	0	2	4	5
6	7	3	9	10
11	12	8	13	14
16	17	18	19	15
21	22	23	24	20

Step #14
1	2	0	4	5
6	7	3	9	10
11	12	8	13	14
16	17	18	19	15
21	22	23	24	20

Step #15
1	2	3	4	5
6	7	0	9	10
11	12	8	13	14
16	17	18	19	15
21	22	23	24	20

Step #16
1	2	3	4	5
6	7	8	9	10
11	12	0	13	14
16	17	18	19	15
21	22	23	24	20

Step #17
1	2	3	4	5
6	7	8	9	10
11	12	13	0	14
16	17	18	19	15
21	22	23	24	20

Step #18
1	2	3	4	5
6	7	8	9	10
11	12	13	14	0
16	17	18	19	15
21	22	23	24	20

Step #19
1	2	3	4	5
6	7	8	9	10
11	12	13	14	15
16	17	18	19	0
21	22	23	24	20

Step #20
1	2	3	4	5
6	7	8	9	10
11	12	13	14	15
16	17	18	19	20
21	22	23	24	0
